
log_2.000000(16.000000): 
mine_y = 4.00000000 
true_y = 4.00000000 
err = -10.99069810 = log10(abs(mine-true)/true)


log_2.000000(1048576.000000): 
mine_y = 20.00000000 
true_y = 20.00000000 
err = -10.89647971 = log10(abs(mine-true)/true)


log_0.100000(1048576.000000): 
mine_y = -6.02059991 
true_y = -6.02059991 
err = -11.39612381 = log10(abs(mine-true)/true)


log_12345.000000(0.124560): 
mine_y = -0.22109822 
true_y = -0.22109822 
err = -11.35893254 = log10(abs(mine-true)/true)